// horizontal axis values
0.125	0.250	0.375	0.500	0.625	0.750	0.875 1.0
// vertical axis values ( Repetion value)
5	6	7	8	9	10	11	12	13	14	15
// data
-0.99413   -0.77023   -0.27559    0.12050    0.31532    0.31532    0.12050   -0.27559
-0.88158   -0.27559    0.31532    0.65998    0.79608    0.79608    0.65998    0.31532
-0.62817    0.12050    0.65998    0.90045    0.96891    0.96891    0.90045    0.65998
-0.46107    0.31532    0.79608    0.96891    0.99875    0.99875    0.96891    0.79608
-0.46107    0.31532    0.79608    0.96891    0.99875    0.99875    0.96891    0.79608
-0.62817    0.12050    0.65998    0.90045    0.96891    0.96891    0.90045    0.65998
-0.88158   -0.27559    0.31532    0.65998    0.79608    0.79608    0.65998    0.31532
-0.99413   -0.77023   -0.27559    0.12050    0.31532    0.31532    0.12050   -0.27559
-0.61500   -0.99413   -0.88158   -0.62817   -0.46107   -0.46107   -0.62817   -0.88158
0.33123   -0.44609   -0.87352   -0.99413   -0.99581   -0.99581   -0.99413   -0.87352
0.99945    0.67252    0.13718   -0.25939   -0.44609   -0.44609   -0.25939    0.13718