

x=2
y=-3


f1=(-2*x-5*y+1)/3
f2=(10*x+y-1)/4
f3=(x-2*y)/8+3